6.8945488929748535 6.163366317749023
12.016468048095703 121.74897766113281
34.13518142700195 126.633544921875
40.052127838134766 121.87600708007812
44.23154067993164 97.01319122314453
57.72483825683594 129.6040496826172
57.72483825683594 129.6040496826172
69.18514251708984 79.6201400756836
73.02513122558594 144.281982421875
75.87825775146484 77.97624969482422
76.57953643798828 160.4212646484375
89.65707397460938 88.55244445800781
89.65707397460938 88.55244445800781
96.07450103759766 144.46389770507812
103.02765655517578 104.35000610351562
103.28746795654297 96.42420959472656
108.79842376708984 144.5520782470703
110.94060516357422 123.71625518798828
113.8226547241211 65.55030822753906
124.79087829589844 126.67332458496094
125.01793670654297 95.34622955322266
126.62210845947266 78.97096252441406
127.41549682617188 153.7982177734375
134.13548278808594 88.82915496826172
134.13548278808594 88.82915496826172
141.0237274169922 83.2793197631836
141.2454833984375 103.47119903564453
141.4682159423828 56.05901336669922
142.02658081054688 20.65104103088379
145.3845977783203 61.61606216430664
159.09127807617188 171.9755401611328
160.53466796875 142.391845703125
160.8272705078125 141.84674072265625
162.7247772216797 111.4591293334961
164.0779571533203 84.97177124023438
164.0779571533203 84.97177124023438
164.61805725097656 77.96741485595703
164.61805725097656 77.96741485595703
164.63189697265625 108.07423400878906
167.2637481689453 124.95835876464844
168.83645629882812 150.1368408203125
170.6453399658203 186.4657440185547
170.74916076660156 115.32615661621094
172.24356079101562 148.80172729492188
172.35888671875 77.69207763671875
174.90093994140625 96.36115264892578
179.69790649414062 143.2962646484375
181.61904907226562 163.03587341308594
181.91651916503906 41.704402923583984
181.91651916503906 41.704402923583984
182.22772216796875 27.600093841552734
183.90687561035156 24.606199264526367
184.0207977294922 28.977035522460938
184.64842224121094 55.84590530395508
185.87037658691406 181.95648193359375
187.3315887451172 165.2857208251953
193.19432067871094 96.63262939453125
196.03395080566406 122.21624755859375
202.76785278320312 61.12934875488281
202.99745178222656 155.90640258789062
204.5889129638672 95.29534912109375
205.5080108642578 24.319299697875977
205.68887329101562 43.27004623413086
206.73233032226562 74.14645385742188
208.33351135253906 161.6616973876953
208.33351135253906 161.6616973876953
210.073486328125 154.61459350585938
210.69097900390625 104.19158935546875
213.05679321289062 74.35482788085938
215.96368408203125 190.94895935058594
216.58644104003906 28.606342315673828
216.58644104003906 28.606342315673828
216.7121124267578 148.86126708984375
226.05567932128906 33.94643020629883
230.18707275390625 127.66217803955078
230.7112579345703 195.09585571289062
238.47982788085938 198.4216766357422
240.44830322265625 116.57789611816406
244.3394775390625 159.1879425048828
247.10922241210938 145.87579345703125
247.4484100341797 169.25001525878906
249.8802032470703 76.2003402709961
255.37315368652344 146.6472625732422
255.37315368652344 146.6472625732422
256.4096984863281 166.97589111328125
259.18798828125 165.25274658203125
259.18798828125 165.25274658203125
274.61834716796875 171.2023162841797
274.61834716796875 171.2023162841797
275.4529724121094 100.43391418457031
277.4375 201.4742431640625
277.4375 201.4742431640625
278.57598876953125 169.79000854492188
279.0694274902344 80.73286437988281